MNIST test sample index: 0
Label: 7
Format: signed INT8, 32 rows x 32 columns, padded from 28x28 MNIST
Quantization: q = round(pixel * 254 / 255) - 127, clipped to [-128, 127]

r 0: -127 -127 -127 -127 -127 -127 -127 -127 -127 -127 -127 -127 -127 -127 -127 -127 -127 -127 -127 -127 -127 -127 -127 -127 -127 -127 -127 -127 -127 -127 -127 -127
r 1: -127 -127 -127 -127 -127 -127 -127 -127 -127 -127 -127 -127 -127 -127 -127 -127 -127 -127 -127 -127 -127 -127 -127 -127 -127 -127 -127 -127 -127 -127 -127 -127
r 2: -127 -127 -127 -127 -127 -127 -127 -127 -127 -127 -127 -127 -127 -127 -127 -127 -127 -127 -127 -127 -127 -127 -127 -127 -127 -127 -127 -127 -127 -127 -127 -127
r 3: -127 -127 -127 -127 -127 -127 -127 -127 -127 -127 -127 -127 -127 -127 -127 -127 -127 -127 -127 -127 -127 -127 -127 -127 -127 -127 -127 -127 -127 -127 -127 -127
r 4: -127 -127 -127 -127 -127 -127 -127 -127 -127 -127 -127 -127 -127 -127 -127 -127 -127 -127 -127 -127 -127 -127 -127 -127 -127 -127 -127 -127 -127 -127 -127 -127
r 5: -127 -127 -127 -127 -127 -127 -127 -127 -127 -127 -127 -127 -127 -127 -127 -127 -127 -127 -127 -127 -127 -127 -127 -127 -127 -127 -127 -127 -127 -127 -127 -127
r 6: -127 -127 -127 -127 -127 -127 -127 -127 -127 -127 -127 -127 -127 -127 -127 -127 -127 -127 -127 -127 -127 -127 -127 -127 -127 -127 -127 -127 -127 -127 -127 -127
r 7: -127 -127 -127 -127 -127 -127 -127 -127 -127 -127 -127 -127 -127 -127 -127 -127 -127 -127 -127 -127 -127 -127 -127 -127 -127 -127 -127 -127 -127 -127 -127 -127
r 8: -127 -127 -127 -127 -127 -127 -127 -127 -127 -127 -127 -127 -127 -127 -127 -127 -127 -127 -127 -127 -127 -127 -127 -127 -127 -127 -127 -127 -127 -127 -127 -127
r 9: -127 -127 -127 -127 -127 -127 -127 -127  -43   57   31   23  -67  -91 -127 -127 -127 -127 -127 -127 -127 -127 -127 -127 -127 -127 -127 -127 -127 -127 -127 -127
r10: -127 -127 -127 -127 -127 -127 -127 -127   94  126  126  126  126  113   70   70   70   70   70   70   70   70   42  -75 -127 -127 -127 -127 -127 -127 -127 -127
r11: -127 -127 -127 -127 -127 -127 -127 -127  -60  -13  -55  -13   35   99  126   97  126  126  126  122  101  126  126   12 -127 -127 -127 -127 -127 -127 -127 -127
r12: -127 -127 -127 -127 -127 -127 -127 -127 -127 -127 -127 -127 -127 -110  -61 -113  -60  -60  -60  -68 -106  108  126  -21 -127 -127 -127 -127 -127 -127 -127 -127
r13: -127 -127 -127 -127 -127 -127 -127 -127 -127 -127 -127 -127 -127 -127 -127 -127 -127 -127 -127 -127  -44  125   81 -109 -127 -127 -127 -127 -127 -127 -127 -127
r14: -127 -127 -127 -127 -127 -127 -127 -127 -127 -127 -127 -127 -127 -127 -127 -127 -127 -127 -127 -105  105  127  -44 -127 -127 -127 -127 -127 -127 -127 -127 -127
r15: -127 -127 -127 -127 -127 -127 -127 -127 -127 -127 -127 -127 -127 -127 -127 -127 -127 -127 -127    1  126  110  -83 -127 -127 -127 -127 -127 -127 -127 -127 -127
r16: -127 -127 -127 -127 -127 -127 -127 -127 -127 -127 -127 -127 -127 -127 -127 -127 -127 -127  -68  121  126  -65 -127 -127 -127 -127 -127 -127 -127 -127 -127 -127
r17: -127 -127 -127 -127 -127 -127 -127 -127 -127 -127 -127 -127 -127 -127 -127 -127 -127 -127    5  126   59 -122 -127 -127 -127 -127 -127 -127 -127 -127 -127 -127
r18: -127 -127 -127 -127 -127 -127 -127 -127 -127 -127 -127 -127 -127 -127 -127 -127 -127 -118   77  120  -69 -127 -127 -127 -127 -127 -127 -127 -127 -127 -127 -127
r19: -127 -127 -127 -127 -127 -127 -127 -127 -127 -127 -127 -127 -127 -127 -127 -127 -127   -1  126   54 -127 -127 -127 -127 -127 -127 -127 -127 -127 -127 -127 -127
r20: -127 -127 -127 -127 -127 -127 -127 -127 -127 -127 -127 -127 -127 -127 -127 -127  -52  123  112  -70 -127 -127 -127 -127 -127 -127 -127 -127 -127 -127 -127 -127
r21: -127 -127 -127 -127 -127 -127 -127 -127 -127 -127 -127 -127 -127 -127 -127 -108   93  126   38 -127 -127 -127 -127 -127 -127 -127 -127 -127 -127 -127 -127 -127
r22: -127 -127 -127 -127 -127 -127 -127 -127 -127 -127 -127 -127 -127 -127 -124   75  126   91  -92 -127 -127 -127 -127 -127 -127 -127 -127 -127 -127 -127 -127 -127
r23: -127 -127 -127 -127 -127 -127 -127 -127 -127 -127 -127 -127 -127 -127  -89  126  126  -50 -127 -127 -127 -127 -127 -127 -127 -127 -127 -127 -127 -127 -127 -127
r24: -127 -127 -127 -127 -127 -127 -127 -127 -127 -127 -127 -127 -127  -96   96  126  -12 -126 -127 -127 -127 -127 -127 -127 -127 -127 -127 -127 -127 -127 -127 -127
r25: -127 -127 -127 -127 -127 -127 -127 -127 -127 -127 -127 -127 -127    5  126  126  -75 -127 -127 -127 -127 -127 -127 -127 -127 -127 -127 -127 -127 -127 -127 -127
r26: -127 -127 -127 -127 -127 -127 -127 -127 -127 -127 -127 -127  -66  114  126  126  -75 -127 -127 -127 -127 -127 -127 -127 -127 -127 -127 -127 -127 -127 -127 -127
r27: -127 -127 -127 -127 -127 -127 -127 -127 -127 -127 -127 -127   -6  126  126   91  -87 -127 -127 -127 -127 -127 -127 -127 -127 -127 -127 -127 -127 -127 -127 -127
r28: -127 -127 -127 -127 -127 -127 -127 -127 -127 -127 -127 -127   -6  126   79 -109 -127 -127 -127 -127 -127 -127 -127 -127 -127 -127 -127 -127 -127 -127 -127 -127
r29: -127 -127 -127 -127 -127 -127 -127 -127 -127 -127 -127 -127 -127 -127 -127 -127 -127 -127 -127 -127 -127 -127 -127 -127 -127 -127 -127 -127 -127 -127 -127 -127
r30: -127 -127 -127 -127 -127 -127 -127 -127 -127 -127 -127 -127 -127 -127 -127 -127 -127 -127 -127 -127 -127 -127 -127 -127 -127 -127 -127 -127 -127 -127 -127 -127
r31: -127 -127 -127 -127 -127 -127 -127 -127 -127 -127 -127 -127 -127 -127 -127 -127 -127 -127 -127 -127 -127 -127 -127 -127 -127 -127 -127 -127 -127 -127 -127 -127
