MNIST test sample index: 2
Label: 1
Format: signed INT8, 32 rows x 32 columns, padded from 28x28 MNIST
Quantization: q = round(pixel * 254 / 255) - 127, clipped to [-128, 127]

r 0: -127 -127 -127 -127 -127 -127 -127 -127 -127 -127 -127 -127 -127 -127 -127 -127 -127 -127 -127 -127 -127 -127 -127 -127 -127 -127 -127 -127 -127 -127 -127 -127
r 1: -127 -127 -127 -127 -127 -127 -127 -127 -127 -127 -127 -127 -127 -127 -127 -127 -127 -127 -127 -127 -127 -127 -127 -127 -127 -127 -127 -127 -127 -127 -127 -127
r 2: -127 -127 -127 -127 -127 -127 -127 -127 -127 -127 -127 -127 -127 -127 -127 -127 -127 -127 -127 -127 -127 -127 -127 -127 -127 -127 -127 -127 -127 -127 -127 -127
r 3: -127 -127 -127 -127 -127 -127 -127 -127 -127 -127 -127 -127 -127 -127 -127 -127 -127 -127 -127 -127 -127 -127 -127 -127 -127 -127 -127 -127 -127 -127 -127 -127
r 4: -127 -127 -127 -127 -127 -127 -127 -127 -127 -127 -127 -127 -127 -127 -127 -127 -127 -127 -127 -127 -127 -127 -127 -127 -127 -127 -127 -127 -127 -127 -127 -127
r 5: -127 -127 -127 -127 -127 -127 -127 -127 -127 -127 -127 -127 -127 -127 -127 -127 -127 -127 -127 -127 -127 -127 -127 -127 -127 -127 -127 -127 -127 -127 -127 -127
r 6: -127 -127 -127 -127 -127 -127 -127 -127 -127 -127 -127 -127 -127 -127 -127 -127 -127 -127  -89  126  -18 -127 -127 -127 -127 -127 -127 -127 -127 -127 -127 -127
r 7: -127 -127 -127 -127 -127 -127 -127 -127 -127 -127 -127 -127 -127 -127 -127 -127 -127 -127  -40  124  -45 -127 -127 -127 -127 -127 -127 -127 -127 -127 -127 -127
r 8: -127 -127 -127 -127 -127 -127 -127 -127 -127 -127 -127 -127 -127 -127 -127 -127 -127 -127    7  113 -127 -127 -127 -127 -127 -127 -127 -127 -127 -127 -127 -127
r 9: -127 -127 -127 -127 -127 -127 -127 -127 -127 -127 -127 -127 -127 -127 -127 -127 -127  -82  116   22 -127 -127 -127 -127 -127 -127 -127 -127 -127 -127 -127 -127
r10: -127 -127 -127 -127 -127 -127 -127 -127 -127 -127 -127 -127 -127 -127 -127 -127 -127  -43  126  -64 -127 -127 -127 -127 -127 -127 -127 -127 -127 -127 -127 -127
r11: -127 -127 -127 -127 -127 -127 -127 -127 -127 -127 -127 -127 -127 -127 -127 -127 -127   74   95 -116 -127 -127 -127 -127 -127 -127 -127 -127 -127 -127 -127 -127
r12: -127 -127 -127 -127 -127 -127 -127 -127 -127 -127 -127 -127 -127 -127 -127 -127  -95  126   88 -127 -127 -127 -127 -127 -127 -127 -127 -127 -127 -127 -127 -127
r13: -127 -127 -127 -127 -127 -127 -127 -127 -127 -127 -127 -127 -127 -127 -127 -127  -32  126   67 -127 -127 -127 -127 -127 -127 -127 -127 -127 -127 -127 -127 -127
r14: -127 -127 -127 -127 -127 -127 -127 -127 -127 -127 -127 -127 -127 -127 -127 -127   12  126  -50 -127 -127 -127 -127 -127 -127 -127 -127 -127 -127 -127 -127 -127
r15: -127 -127 -127 -127 -127 -127 -127 -127 -127 -127 -127 -127 -127 -127 -127  -70  109   77 -119 -127 -127 -127 -127 -127 -127 -127 -127 -127 -127 -127 -127 -127
r16: -127 -127 -127 -127 -127 -127 -127 -127 -127 -127 -127 -127 -127 -127 -127   -3  127   37 -127 -127 -127 -127 -127 -127 -127 -127 -127 -127 -127 -127 -127 -127
r17: -127 -127 -127 -127 -127 -127 -127 -127 -127 -127 -127 -127 -127 -127 -127   43  126  -46 -127 -127 -127 -127 -127 -127 -127 -127 -127 -127 -127 -127 -127 -127
r18: -127 -127 -127 -127 -127 -127 -127 -127 -127 -127 -127 -127 -127 -127 -103  104   87 -127 -127 -127 -127 -127 -127 -127 -127 -127 -127 -127 -127 -127 -127 -127
r19: -127 -127 -127 -127 -127 -127 -127 -127 -127 -127 -127 -127 -127 -127   -7  126   31 -127 -127 -127 -127 -127 -127 -127 -127 -127 -127 -127 -127 -127 -127 -127
r20: -127 -127 -127 -127 -127 -127 -127 -127 -127 -127 -127 -127 -127 -127   23  126   14 -127 -127 -127 -127 -127 -127 -127 -127 -127 -127 -127 -127 -127 -127 -127
r21: -127 -127 -127 -127 -127 -127 -127 -127 -127 -127 -127 -127 -127 -127  100  126  -61 -127 -127 -127 -127 -127 -127 -127 -127 -127 -127 -127 -127 -127 -127 -127
r22: -127 -127 -127 -127 -127 -127 -127 -127 -127 -127 -127 -127 -127  -66  123  126  -61 -127 -127 -127 -127 -127 -127 -127 -127 -127 -127 -127 -127 -127 -127 -127
r23: -127 -127 -127 -127 -127 -127 -127 -127 -127 -127 -127 -127 -127   13  126   77 -124 -127 -127 -127 -127 -127 -127 -127 -127 -127 -127 -127 -127 -127 -127 -127
r24: -127 -127 -127 -127 -127 -127 -127 -127 -127 -127 -127 -127 -117   87  126   -6 -127 -127 -127 -127 -127 -127 -127 -127 -127 -127 -127 -127 -127 -127 -127 -127
r25: -127 -127 -127 -127 -127 -127 -127 -127 -127 -127 -127 -127 -122   70   48 -117 -127 -127 -127 -127 -127 -127 -127 -127 -127 -127 -127 -127 -127 -127 -127 -127
r26: -127 -127 -127 -127 -127 -127 -127 -127 -127 -127 -127 -127 -127 -127 -127 -127 -127 -127 -127 -127 -127 -127 -127 -127 -127 -127 -127 -127 -127 -127 -127 -127
r27: -127 -127 -127 -127 -127 -127 -127 -127 -127 -127 -127 -127 -127 -127 -127 -127 -127 -127 -127 -127 -127 -127 -127 -127 -127 -127 -127 -127 -127 -127 -127 -127
r28: -127 -127 -127 -127 -127 -127 -127 -127 -127 -127 -127 -127 -127 -127 -127 -127 -127 -127 -127 -127 -127 -127 -127 -127 -127 -127 -127 -127 -127 -127 -127 -127
r29: -127 -127 -127 -127 -127 -127 -127 -127 -127 -127 -127 -127 -127 -127 -127 -127 -127 -127 -127 -127 -127 -127 -127 -127 -127 -127 -127 -127 -127 -127 -127 -127
r30: -127 -127 -127 -127 -127 -127 -127 -127 -127 -127 -127 -127 -127 -127 -127 -127 -127 -127 -127 -127 -127 -127 -127 -127 -127 -127 -127 -127 -127 -127 -127 -127
r31: -127 -127 -127 -127 -127 -127 -127 -127 -127 -127 -127 -127 -127 -127 -127 -127 -127 -127 -127 -127 -127 -127 -127 -127 -127 -127 -127 -127 -127 -127 -127 -127
