MNIST test sample index: 3
Label: 0
Format: signed INT8, 32 rows x 32 columns, padded from 28x28 MNIST
Quantization: q = round(pixel * 254 / 255) - 127, clipped to [-128, 127]

r 0: -127 -127 -127 -127 -127 -127 -127 -127 -127 -127 -127 -127 -127 -127 -127 -127 -127 -127 -127 -127 -127 -127 -127 -127 -127 -127 -127 -127 -127 -127 -127 -127
r 1: -127 -127 -127 -127 -127 -127 -127 -127 -127 -127 -127 -127 -127 -127 -127 -127 -127 -127 -127 -127 -127 -127 -127 -127 -127 -127 -127 -127 -127 -127 -127 -127
r 2: -127 -127 -127 -127 -127 -127 -127 -127 -127 -127 -127 -127 -127 -127 -127 -127 -127 -127 -127 -127 -127 -127 -127 -127 -127 -127 -127 -127 -127 -127 -127 -127
r 3: -127 -127 -127 -127 -127 -127 -127 -127 -127 -127 -127 -127 -127 -127 -127 -127 -127 -127 -127 -127 -127 -127 -127 -127 -127 -127 -127 -127 -127 -127 -127 -127
r 4: -127 -127 -127 -127 -127 -127 -127 -127 -127 -127 -127 -127 -127 -127 -127 -127 -127 -127 -127 -127 -127 -127 -127 -127 -127 -127 -127 -127 -127 -127 -127 -127
r 5: -127 -127 -127 -127 -127 -127 -127 -127 -127 -127 -127 -127 -127 -127 -127 -127 -127 -127 -127 -127 -127 -127 -127 -127 -127 -127 -127 -127 -127 -127 -127 -127
r 6: -127 -127 -127 -127 -127 -127 -127 -127 -127 -127 -127 -127 -127 -127 -116   22  125   74  -96 -127 -127 -127 -127 -127 -127 -127 -127 -127 -127 -127 -127 -127
r 7: -127 -127 -127 -127 -127 -127 -127 -127 -127 -127 -127 -127 -127 -127  -90  123  123  125  -20 -127 -127 -127 -127 -127 -127 -127 -127 -127 -127 -127 -127 -127
r 8: -127 -127 -127 -127 -127 -127 -127 -127 -127 -127 -127 -127 -127 -106   69  123  123  125  -20 -127 -127 -127 -127 -127 -127 -127 -127 -127 -127 -127 -127 -127
r 9: -127 -127 -127 -127 -127 -127 -127 -127 -127 -127 -127 -127  -17   62  123  123  123  125   41  -18  -65 -127 -127 -127 -127 -127 -127 -127 -127 -127 -127 -127
r10: -127 -127 -127 -127 -127 -127 -127 -127 -127 -127 -127 -127  125  123  123  123  123  125  123  123   92  -76 -127 -127 -127 -127 -127 -127 -127 -127 -127 -127
r11: -127 -127 -127 -127 -127 -127 -127 -127 -127 -127 -127   54  127  125  125  125  125  106   94  125  125  125 -127 -127 -127 -127 -127 -127 -127 -127 -127 -127
r12: -127 -127 -127 -127 -127 -127 -127 -127 -127 -127  -64   93  125  123  123  123   19  -50  -65    0  123  123  -22 -127 -127 -127 -127 -127 -127 -127 -127 -127
r13: -127 -127 -127 -127 -127 -127 -127 -127 -127  -95  103  123  125  123   92    9 -117 -127 -127  -96  102  123  115  -14 -122 -127 -127 -127 -127 -127 -127 -127
r14: -127 -127 -127 -127 -127 -127 -127 -127 -127  -90  123  123  125   60 -107 -127 -127 -127 -127 -127  -18  123  125  123  -92 -127 -127 -127 -127 -127 -127 -127
r15: -127 -127 -127 -127 -127 -127 -127 -127 -127  -90  123  123   73  -97 -127 -127 -127 -127 -127 -127  -96   72  125  123  -92 -127 -127 -127 -127 -127 -127 -127
r16: -127 -127 -127 -127 -127 -127 -127 -127 -127  -90  125  125 -127 -127 -127 -127 -127 -127 -127 -127  -95   74  127  125   36 -127 -127 -127 -127 -127 -127 -127
r17: -127 -127 -127 -127 -127 -127 -127 -127 -127   12  123  123 -127 -127 -127 -127 -127 -127 -127 -127  -18  123  125  123  -92 -127 -127 -127 -127 -127 -127 -127
r18: -127 -127 -127 -127 -127 -127 -127 -127 -127   89  123  123 -127 -127 -127 -127 -127 -127 -106  -64  103  123  125  102  -97 -127 -127 -127 -127 -127 -127 -127
r19: -127 -127 -127 -127 -127 -127 -127 -127 -127   89  123  123 -127 -127 -127 -127 -127 -127   16  123  123  123   93  -66 -127 -127 -127 -127 -127 -127 -127 -127
r20: -127 -127 -127 -127 -127 -127 -127 -127 -127   89  123  123 -127 -127 -127 -127 -127   54   93  123  123  123   52 -127 -127 -127 -127 -127 -127 -127 -127 -127
r21: -127 -127 -127 -127 -127 -127 -127 -127 -127   90  125  125  -54  -54  100  125  125  127  125  125  125  125 -127 -127 -127 -127 -127 -127 -127 -127 -127 -127
r22: -127 -127 -127 -127 -127 -127 -127 -127 -127  -14  123  123  125  123  123  123  123  125  123  123  123   19 -127 -127 -127 -127 -127 -127 -127 -127 -127 -127
r23: -127 -127 -127 -127 -127 -127 -127 -127 -127  -96  102  123  125  123  123  123  123  125  102   61  -92 -117 -127 -127 -127 -127 -127 -127 -127 -127 -127 -127
r24: -127 -127 -127 -127 -127 -127 -127 -127 -127 -127  -65   14  125  123  123  123  123  125  -20 -127 -127 -127 -127 -127 -127 -127 -127 -127 -127 -127 -127 -127
r25: -127 -127 -127 -127 -127 -127 -127 -127 -127 -127 -127 -127  -55   46  123   45  -56  -55  -97 -127 -127 -127 -127 -127 -127 -127 -127 -127 -127 -127 -127 -127
r26: -127 -127 -127 -127 -127 -127 -127 -127 -127 -127 -127 -127 -127 -127 -127 -127 -127 -127 -127 -127 -127 -127 -127 -127 -127 -127 -127 -127 -127 -127 -127 -127
r27: -127 -127 -127 -127 -127 -127 -127 -127 -127 -127 -127 -127 -127 -127 -127 -127 -127 -127 -127 -127 -127 -127 -127 -127 -127 -127 -127 -127 -127 -127 -127 -127
r28: -127 -127 -127 -127 -127 -127 -127 -127 -127 -127 -127 -127 -127 -127 -127 -127 -127 -127 -127 -127 -127 -127 -127 -127 -127 -127 -127 -127 -127 -127 -127 -127
r29: -127 -127 -127 -127 -127 -127 -127 -127 -127 -127 -127 -127 -127 -127 -127 -127 -127 -127 -127 -127 -127 -127 -127 -127 -127 -127 -127 -127 -127 -127 -127 -127
r30: -127 -127 -127 -127 -127 -127 -127 -127 -127 -127 -127 -127 -127 -127 -127 -127 -127 -127 -127 -127 -127 -127 -127 -127 -127 -127 -127 -127 -127 -127 -127 -127
r31: -127 -127 -127 -127 -127 -127 -127 -127 -127 -127 -127 -127 -127 -127 -127 -127 -127 -127 -127 -127 -127 -127 -127 -127 -127 -127 -127 -127 -127 -127 -127 -127
