MNIST test sample index: 11
Label: 6
Format: signed INT8, 32 rows x 32 columns, padded from 28x28 MNIST
Quantization: q = round(pixel * 254 / 255) - 127, clipped to [-128, 127]

r 0: -127 -127 -127 -127 -127 -127 -127 -127 -127 -127 -127 -127 -127 -127 -127 -127 -127 -127 -127 -127 -127 -127 -127 -127 -127 -127 -127 -127 -127 -127 -127 -127
r 1: -127 -127 -127 -127 -127 -127 -127 -127 -127 -127 -127 -127 -127 -127 -127 -127 -127 -127 -127 -127 -127 -127 -127 -127 -127 -127 -127 -127 -127 -127 -127 -127
r 2: -127 -127 -127 -127 -127 -127 -127 -127 -127 -127 -127 -127 -127 -127 -127 -127 -127 -127 -127 -127 -127 -127 -127 -127 -127 -127 -127 -127 -127 -127 -127 -127
r 3: -127 -127 -127 -127 -127 -127 -127 -127 -127 -127 -127 -127 -127 -127 -127 -127 -127 -127 -127 -127 -127 -127 -127 -127 -127 -127 -127 -127 -127 -127 -127 -127
r 4: -127 -127 -127 -127 -127 -127 -127 -127 -127 -127 -127 -127 -127 -127 -127 -127 -127 -127 -127 -127 -127 -127 -127 -127 -127 -127 -127 -127 -127 -127 -127 -127
r 5: -127 -127 -127 -127 -127 -127 -127 -127 -127 -127 -127 -127 -120   76  125   48 -127 -127 -127 -127 -127 -127 -127 -127 -127 -127 -127 -127 -127 -127 -127 -127
r 6: -127 -127 -127 -127 -127 -127 -127 -127 -127 -127 -127 -120   22  124  124   -2 -127 -127 -127 -127 -127 -127 -127 -127 -127 -127 -127 -127 -127 -127 -127 -127
r 7: -127 -127 -127 -127 -127 -127 -127 -127 -127 -127 -127  -10  124   58  -71 -127 -127 -127 -127 -127 -127 -127 -127 -127 -127 -127 -127 -127 -127 -127 -127 -127
r 8: -127 -127 -127 -127 -127 -127 -127 -127 -127 -127 -127   13  124   -9 -127 -127 -127 -127 -127 -127 -127 -127 -127 -127 -127 -127 -127 -127 -127 -127 -127 -127
r 9: -127 -127 -127 -127 -127 -127 -127 -127 -127 -127 -127   26  119  -77 -127 -127 -127 -127 -127 -127 -127 -127 -127 -127 -127 -127 -127 -127 -127 -127 -127 -127
r10: -127 -127 -127 -127 -127 -127 -127 -127 -127 -127 -101  125   68 -127 -127 -127 -127 -127 -127 -127 -127 -127 -127 -127 -127 -127 -127 -127 -127 -127 -127 -127
r11: -127 -127 -127 -127 -127 -127 -127 -127 -127 -127   22  125   68 -127 -127 -127 -127 -127 -127 -127  -70  -42  -42  -89 -127 -127 -127 -127 -127 -127 -127 -127
r12: -127 -127 -127 -127 -127 -127 -127 -127 -127 -127   97  125  -31 -127 -127 -127 -127 -127   23   98  115  124  124  110   -2 -127 -127 -127 -127 -127 -127 -127
r13: -127 -127 -127 -127 -127 -127 -127 -127 -127 -117  101   98 -127 -127 -127 -123  -73  101  125  127  106   47   97  127  100  -96 -127 -127 -127 -127 -127 -127
r14: -127 -127 -127 -127 -127 -127 -127 -127 -127  -17  124   22 -127 -127 -101    0  124  124   99    6  -99 -127 -127   50  124  -71 -127 -127 -127 -127 -127 -127
r15: -127 -127 -127 -127 -127 -127 -127 -127 -127   31  124  -14 -127 -127   22  125  124   58  -84 -127 -127 -127 -127   13  124  -71 -127 -127 -127 -127 -127 -127
r16: -127 -127 -127 -127 -127 -127 -127 -127 -127   57  124  -14 -127  -89  109  125   23 -121 -127 -127 -127 -127 -127   13   74 -121 -127 -127 -127 -127 -127 -127
r17: -127 -127 -127 -127 -127 -127 -127 -127 -127   70  125  -13 -127   19  125   35 -127 -127 -127 -127 -127 -127 -127   26   69 -127 -127 -127 -127 -127 -127 -127
r18: -127 -127 -127 -127 -127 -127 -127 -127 -127   69  124  -14 -127   44  124   60 -127 -127 -127 -127 -127 -127 -101  125   43 -127 -127 -127 -127 -127 -127 -127
r19: -127 -127 -127 -127 -127 -127 -127 -127 -127   69  124  -14 -127 -108  103  119   -5 -108 -127 -127 -127 -127   72  116  -71 -127 -127 -127 -127 -127 -127 -127
r20: -127 -127 -127 -127 -127 -127 -127 -127 -101   94  124  -14 -127 -127 -102   75  124   65 -114 -127  -51   72  121   -2 -127 -127 -127 -127 -127 -127 -127 -127
r21: -127 -127 -127 -127 -127 -127 -127 -127 -127   57  125   51 -117 -127 -127 -127  -51  -92  -98   26  125  116   -2 -127 -127 -127 -127 -127 -127 -127 -127 -127
r22: -127 -127 -127 -127 -127 -127 -127 -127 -127  -99   81  125   68  -45  -70  -70    3   69  124  125   86  -46 -127 -127 -127 -127 -127 -127 -127 -127 -127 -127
r23: -127 -127 -127 -127 -127 -127 -127 -127 -127 -127 -102   88  124  124  124  125  124  124  124   28 -108 -127 -127 -127 -127 -127 -127 -127 -127 -127 -127 -127
r24: -127 -127 -127 -127 -127 -127 -127 -127 -127 -127 -127 -111  -24   11  112   12   11   11  -87 -127 -127 -127 -127 -127 -127 -127 -127 -127 -127 -127 -127 -127
r25: -127 -127 -127 -127 -127 -127 -127 -127 -127 -127 -127 -127 -127 -127 -127 -127 -127 -127 -127 -127 -127 -127 -127 -127 -127 -127 -127 -127 -127 -127 -127 -127
r26: -127 -127 -127 -127 -127 -127 -127 -127 -127 -127 -127 -127 -127 -127 -127 -127 -127 -127 -127 -127 -127 -127 -127 -127 -127 -127 -127 -127 -127 -127 -127 -127
r27: -127 -127 -127 -127 -127 -127 -127 -127 -127 -127 -127 -127 -127 -127 -127 -127 -127 -127 -127 -127 -127 -127 -127 -127 -127 -127 -127 -127 -127 -127 -127 -127
r28: -127 -127 -127 -127 -127 -127 -127 -127 -127 -127 -127 -127 -127 -127 -127 -127 -127 -127 -127 -127 -127 -127 -127 -127 -127 -127 -127 -127 -127 -127 -127 -127
r29: -127 -127 -127 -127 -127 -127 -127 -127 -127 -127 -127 -127 -127 -127 -127 -127 -127 -127 -127 -127 -127 -127 -127 -127 -127 -127 -127 -127 -127 -127 -127 -127
r30: -127 -127 -127 -127 -127 -127 -127 -127 -127 -127 -127 -127 -127 -127 -127 -127 -127 -127 -127 -127 -127 -127 -127 -127 -127 -127 -127 -127 -127 -127 -127 -127
r31: -127 -127 -127 -127 -127 -127 -127 -127 -127 -127 -127 -127 -127 -127 -127 -127 -127 -127 -127 -127 -127 -127 -127 -127 -127 -127 -127 -127 -127 -127 -127 -127
