// Conv1 output for image 0 (label=7)
// Shape: 24x24x6, UINT8

// Filter 0:
    0   0   0   0   0   0   0   0   0   0   0   0   0   0   0   0   0   0   0   0   0   0   0   0
    0   0   0   0   0   0   0   0   0   0   0   0   0   0   0   0   0   0   0   0   0   0   0   0
    0   0   0   0   0   0   0   0   0   0   0   0   0   0   0   0   0   0   0   0   0   0   0   0
    0   0   0   0   0   9  48  44  14   0   0   0   0   0   0   0   0   0   0   0   0   0   0   0
    0   0   4   0   5  23  32   0   0   1  33  41  40  40  40  40  40  44  31  14   0   0   0   0
    0   0  11   0   0   0   0   0   0  35  29  14   8   3   2   6   6  16  12  14  21  14   0   0
    0   0  12   0   0   0   0   0   6   0   0   0   0   0   0   0   0   0   0   0   0   0   0   0
    0   0  15   9  22  16  12   3   0   0   0   0   0   0   0   0   0   0   0   0   0  13   0   0
    0   0   7  29  41  66  37  23   0   0   0   0   8  11   3   0   0   0   0   0   0   0   0   0
    0   0   8  15  19  27   0  14   1  18  26  30  44  44  66  62  59   8   0   1  24   2   0   0
    0   0   0   0   0   0   0   2   9   4  16   9  20   3  26  16  11   0   0   9   0   6   0   0
    0   0   0   0   0   0   0   0   0   0   0   0   3   0  24  21  37  21  28  23   3   1   0   0
    0   0   0   0   0   0   0   0   0   0   0   0   2   4   2   0   0   0   8   1   7   0   0   0
    0   0   0   0   0   0   0   0   0   0   0   0   0   0   0   0  19   9  20   2   2   0   0   0
    0   0   0   0   0   0   0   0   0   0   0   0   0   0   0   0   0   0   0   3   0   0   0   0
    0   0   0   0   0   0   0   0   0   0   1  13   0  30   0  10   0  15   1   0   0   0   0   0
    0   0   0   0   0   0   0   0   0   0  15  42  43  44  10   0   0   0   2   0   0   0   0   0
    0   0   0   0   0   0   0   0   0   0   6  22   0   0   0   0  12   1   0   0   0   0   0   0
    0   0   0   0   0   0   0   0   0   0   0   0   0   0   0   5   0   2   0   0   0   0   0   0
    0   0   0   0   0   0   0   2  19  26  34   0   0   0   3   5   0   0   0   0   0   0   0   0
    0   0   0   0   0   0   0   0   6   0  19   0  27   5  17   2   1   0   0   0   0   0   0   0
    0   0   0   0   0   0   2   0   0   0  26  25  31  21   8   3   0   0   0   0   0   0   0   0
    0   0   0   0   0   0  14   0   0   0  28  12  28   1  13   0   0   0   0   0   0   0   0   0
    0   0   0   0   0   0  35   0  20   0  39   0  18   8   6   0   0   0   0   0   0   0   0   0

// Filter 1:
    0   0   0   0   0   0   0   0   0   0   0   0   0   0   0   0   0   0   0   0   0   0   0   0
    0   0   0   0   0   0   0   0   0   0   0   0   0   0   0   0   0   0   0   0   0   0   0   0
    0   0   0   0   0   0   0   0   0   0   0   0   0   0   0   0   0   0   0   0   0   0   0   0
    0   0   0   9   0   0   0   0   0   0   5   1   0   0   0   0   0   0   0   0   0   0   0   0
    0   0   4   8   0   0   0   0   0   0   3   0   0   0   0   0   0   0   0   0   1   2   0   0
    0   0   0   3  20   9  13   0   0   0   0   0   0   0   0   0   0   0   0   0   0   1   0   0
    0   0  11   9  18  45  58  11   0   0   0   3   0   0   1   0   0   0   0   0   0   0   0   0
    0   0   0   0  12   2   4   8   0  26  12  11  22  15  22  20   0  15  16   0   0   8   0   0
    0   0   5   7   0   0   2  11  22   8   0   0   0   0   6  16  14   0   0  22   0   0   0   0
    0   0   0   0   5  14  19  21   6   0   0   6   6   7   0   8   9  34  10   0   5  13   0   0
    0   0   0   0   0   0   0   0   0   1   6   5   7  10   0   0   0   0  33   7  16   5   0   0
    0   0   0   0   0   0   0   0   0   0   0   0   4   8  10   0  26   0   0  10  16   0   0   0
    0   0   0   0   0   0   0   0   0   0   0   0   0   0   0   0   0   0   0  14   8   0   0   0
    0   0   0   0   0   0   0   0   0   0   0   0  26   0   0  10   0   0   6  12   1   0   0   0
    0   0   0   0   0   0   0   0   0   0   0  12  13  27   0   0   0   0   1   2   0   0   0   0
    0   0   0   0   0   0   0   0   0   0   5   0  11  10  16   0   0   0   6   0   0   0   0   0
    0   0   0   0   0   0   0   0   0   2   0   7   0   0   0  22   0   0   1   0   0   0   0   0
    0   0   0   0   0   0   0   0   0   0   0   0   0  17  16   0   0   5   0   0   0   0   0   0
    0   0   0   0   0   0   0   0   5   8   3  10  15  19  13   2   0   1   0   0   0   0   0   0
    0   0   0   0   0   0   0   3   0   0   0  19  17   9   0   0   2   0   0   0   0   0   0   0
    0   0   0   0   0   0   0   0   0   0   0   4  16   0  26  12   1   0   0   0   0   0   0   0
    0   0   0   0   0   0   0  33   3   0  19   0   0  19  35   2   0   0   0   0   0   0   0   0
    0   0   0   0   0   0   0  23  29  19  10   0  15  11  21   0   0   0   0   0   0   0   0   0
    0   0   0   0   0   0   0  19  27   0  20   0   0   6  13   0   0   0   0   0   0   0   0   0

// Filter 2:
   12  12  12  12  12  12  12  12  12  12  12  12  12  12  12  12  12  12  12  12  12  12  12  12
   12  12  12  12  12  12  12  12  12  12  12  12  12  12  12  12  12  12  12  12  12  12  12  12
   12  12  12  12  12  12  12  12  12  12  12  12  12  12  12  12  12  12  12  12  12  12  12  12
   12  12  14   1   3  22  48  42  16   3   5  11  12  12  12  12  12  12  12  12  12  12  12  12
   12  12  11  26  19   9   0   0   4  23  39  39  38  38  38  38  38  44  33  17  10  10  12  12
   12  12  28  11   0   0   0   0  19  22  16   1   0   0   0   0   0   0  13  25  27  22  12  12
   12  12  19  10  13  15  23   8   0   0   0   0   0   0   0   0   0   0   0   0   0   1  12  12
   12  12   5  44  72 102  82  24   0   0   0   0   0   0   3   0   0   0   0   0  23  13  12  12
   12  12  28  40  49  67  35  32  42  28  59  71  75  80  67  63  55  13  17   0   0  25  12  12
   12  12   1   0   0   0   2  21  39  54  31  44  44  43  77  75  58  63  29  47  43   0  12  12
   12  12  12  12  12  12  12  10   0   0   0   0   0   0   0   0   3  15  11   0  13  25  12  12
   12  12  12  12  12  12  12  12  12  12  12  12   9  15   0   2  43  24  55  35   8  14  12  12
   12  12  12  12  12  12  12  12  12  12  12  13  20   0  10   0   0   7   0  16  22  12  12  12
   12  12  12  12  12  12  12  12  12  12  12  16   0   0   0  34  13   8  19   7  18  12  12  12
   12  12  12  12  12  12  12  12  12  12  14   5   0   0   0   0   0   0  10  20  12  12  12  12
   12  12  12  12  12  12  12  12  12  13   9  44  62  57  66  33  17  27   4  13  12  12  12  12
   12  12  12  12  12  12  12  12  12  11  32  52  56  27  23   0   0   9  19  12  12  12  12  12
   12  12  12  12  12  12  12  12  13  12   9   0   0   0   0  32  26   4  12  12  12  12  12  12
   12  12  12  12  12  12  12  13   9   9   0   0   0   0  13   0   7  19  12  12  12  12  12  12
   12  12  12  12  12  12  12   9  36  32  36  30  41  50  32  30   2  12  12  12  12  12  12  12
   12  12  12  12  12  12  14  11   0   6  23  59  43  26  31   5  16  12  12  12  12  12  12  12
   12  12  12  12  12  12  15   0   0   0  25  14  37  27  11  21  12  12  12  12  12  12  12  12
   12  12  12  12  12  12  25   1   1   1   0  24  10  16  32  12  12  12  12  12  12  12  12  12
   12  12  12  12  12  12  41  77  71  49  32   0  16  19  21  12  12  12  12  12  12  12  12  12

// Filter 3:
    0   0   0   0   0   0   0   0   0   0   0   0   0   0   0   0   0   0   0   0   0   0   0   0
    0   0   0   0   0   0   0   0   0   0   0   0   0   0   0   0   0   0   0   0   0   0   0   0
    0   0   0   0   0   0   0   0   0   0   0   0   0   0   0   0   0   0   0   0   0   0   0   0
    0   0   0   4  10  32   0   0   0   0   8   1   0   0   0   0   0   0   0   0   0   0   0   0
    0   0   0   8  28  25   0   0   0  17  15   3   0   0   0   0   3   0   0   0   0   2   0   0
    0   0   0   2   0   1   0   0   0   7  19   9   0   0   5   3   7   0   0   0   0   0   0   0
    0   0   0   0   0   0   0   7   2   5   0   0   0   0   0   0   0   0   0   0   0  15   0   0
    0   0   0   1   8   0  29  38  53   8   0   0   0   0   0   0   0   0   0   0   0   0   0   0
    0   0   0   0   5  23  37   7   0   0   0   3   4  11  15  21  22   0   0  16  20  19   0   0
    0   0   0   6  25  24  14   0   0   0  15  11   8  34  14  31   0   0   5   0  21  12   0   0
    0   0   0   0   0   0   0   0   0  11  10   4   2  32  15   2   0   0  12  42  17   0   0   0
    0   0   0   0   0   0   0   0   0   0   0   0   4  18   6   0   0   0   0  26   8   0   0   0
    0   0   0   0   0   0   0   0   0   0   0   0  19  21   0   0   0  17  35  16   0   0   0   0
    0   0   0   0   0   0   0   0   0   0   0   0  16   1   0   0   0   9   6   0   0   0   0   0
    0   0   0   0   0   0   0   0   0   0   0   0   1  19  13   0   0  15  12   0   0   0   0   0
    0   0   0   0   0   0   0   0   0   0   0   0  40   0   0   0   0   0   4   0   0   0   0   0
    0   0   0   0   0   0   0   0   0   2   0  15  22  13   9   0  15  12   0   0   0   0   0   0
    0   0   0   0   0   0   0   0   0   4   5   0  26   6   0   0   0   5   0   0   0   0   0   0
    0   0   0   0   0   0   0   0   0   4   0   0   0   0   0   0  10   0   0   0   0   0   0   0
    0   0   0   0   0   0   0   9   3  16   0   0   0  11   8  26   8   0   0   0   0   0   0   0
    0   0   0   0   0   0   0  16  11   4   0   0   0  51  47   0   0   0   0   0   0   0   0   0
    0   0   0   0   0   0   0   8   0  27   0   0  13  53   4   0   0   0   0   0   0   0   0   0
    0   0   0   0   0   0   0   0   4  41   0  11  26  20   0   0   0   0   0   0   0   0   0   0
    0   0   0   0   0   0   0  12   9  34   8  22   7   8   0   0   0   0   0   0   0   0   0   0

// Filter 4:
    0   0   0   0   0   0   0   0   0   0   0   0   0   0   0   0   0   0   0   0   0   0   0   0
    0   0   0   0   0   0   0   0   0   0   0   0   0   0   0   0   0   0   0   0   0   0   0   0
    0   0   0   0   0   0   0   0   0   0   0   0   0   0   0   0   0   0   0   0   0   0   0   0
    0   0   4   0   0   0   2  14  12   0   0   0   0   0   0   0   0   0   0   0   0   0   0   0
    0   0   7   0   0   0   0  28  24   2   0   0   1   1   1   1   0   6   8   8   0   0   0   0
    0   0  12   0   4   0   0   0   0   0   0   0   4   3   0   1   0   6  15  17  15   0   0   0
    0   0  10  23   6   0   0   0   0   0   6   0   0   0   0   0   0   0   0   3   2  14   0   0
    0   0   0  14  51  60   0   0   0   0   0   0   0   0   0   0   0   0   0   0   0   0   0   0
    0   0  12  27  36  55  52  34  26   9   7  13  25  27  31  19   7   0   0   0   0   0   0   0
    0   0   0   0   0   0  16  34  11  10  27  31  40  41  56  35  40  50  30   0   0  14   0   0
    0   0   0   0   0   0   0   0   0   0   0   0   0   0   0  24  46  17   0   6   3   2   0   0
    0   0   0   0   0   0   0   0   0   0   0   0   0   0   0   0  27  20   7   6  13   0   0   0
    0   0   0   0   0   0   0   0   0   0   0   0   0   0   0   1   0   0  24  14   5   0   0   0
    0   0   0   0   0   0   0   0   0   0   0   7   0  11   0   1   0   0   4  11   0   0   0   0
    0   0   0   0   0   0   0   0   0   0   3  16   0   0   0   0   0   5   0   0   0   0   0   0
    0   0   0   0   0   0   0   0   0   1   6  25  11  12   0   1   0   0   7   0   0   0   0   0
    0   0   0   0   0   0   0   0   0   0   7   8  31  30   7   6   5   0   0   0   0   0   0   0
    0   0   0   0   0   0   0   0   2   0   0   0   0  46  13   0   0   7   0   0   0   0   0   0
    0   0   0   0   0   0   0   1   4   0   0   0   3   0   0   0   0   0   0   0   0   0   0   0
    0   0   0   0   0   0   0   0   1   0  20  22   8   0   0   0   4   0   0   0   0   0   0   0
    0   0   0   0   0   0   3   0   0  12  46  42  31   2  12  12   0   0   0   0   0   0   0   0
    0   0   0   0   0   0  12   0   0   0  12  14  21  24  14   0   0   0   0   0   0   0   0   0
    0   0   0   0   0   0  27   0   0   0   0   0  35  19   3   0   0   0   0   0   0   0   0   0
    0   0   0   0   0   0  36  44  39   0   0   1  24  10   8   0   0   0   0   0   0   0   0   0

// Filter 5:
    0   0   0   0   0   0   0   0   0   0   0   0   0   0   0   0   0   0   0   0   0   0   0   0
    0   0   0   0   0   0   0   0   0   0   0   0   0   0   0   0   0   0   0   0   0   0   0   0
    0   0   0   0   0   0   0   0   0   0   0   0   0   0   0   0   0   0   0   0   0   0   0   0
    0   0   0   0   0   0   0   5   6   0   0   0   0   0   0   0   0   0   0   0   0   0   0   0
    0   0   0   0   0   0   0   8   0   0   0   0   0   0   0   0   0   0   0   0   0   0   0   0
    0   0   0  12   0   0   0   0   0   0   0   0   0   0   0   0   0   0   0   0   0   0   0   0
    0   0   0   0   0   0   0   0   0   0   0   0   0   1   0   0   0   0   4  14   0   0   0   0
    0   0   0   0   0   0   0   0   0   0   0   0   0   0   0   0   0   0   0   0   0   0   0   0
    0   0   0   0   0   0   0   0   0   0   0   0   0   0   0   0   0   0   3   0   0   0   0   0
    0   0   0   0   0   0   0   0   0   0   0   0   0   0   0   0   0   3   0   0   0   0   0   0
    0   0   0   0   0   0   0   0   0   0   0   0   0   0   0   0   0  18   0   0   0   0   0   0
    0   0   0   0   0   0   0   0   0   0   0   0   0   0   0   0  23  17   0   0   0   0   0   0
    0   0   0   0   0   0   0   0   0   0   0   0   0   0   0   0  26   0   0   0   0   0   0   0
    0   0   0   0   0   0   0   0   0   0   0   1   0   0   0   0  27   0   0   0   0   0   0   0
    0   0   0   0   0   0   0   0   0   0   0   4   0   0   0   6   1   0   0   0   0   0   0   0
    0   0   0   0   0   0   0   0   0   0   0   6   0   0   0   0   0   0   0   0   0   0   0   0
    0   0   0   0   0   0   0   0   0   0   0   0   0   0   0   0   0   0   0   0   0   0   0   0
    0   0   0   0   0   0   0   0   0   0   0   8   0   0   0   0   0   0   0   0   0   0   0   0
    0   0   0   0   0   0   0   0   0   0   0   0   0   0   0   0   0   0   0   0   0   0   0   0
    0   0   0   0   0   0   0   0   0   0   0  35   0   0   0   0   0   0   0   0   0   0   0   0
    0   0   0   0   0   0   0   0   0   0   0  27   0   0   0   0   0   0   0   0   0   0   0   0
    0   0   0   0   0   0   4   0   0   0   0  53   0   0   0   0   0   0   0   0   0   0   0   0
    0   0   0   0   0   0  17  30   0   0   0  18   0   0   0   0   0   0   0   0   0   0   0   0
    0   0   0   0   0   0  10  18   0   0   0   0   0   0   0   0   0   0   0   0   0   0   0   0
